60173586488
60123823563
60122206865
601128243774
60126518826
60102701074
60193928634
60147268273
60126954435
60340216153
60123176695
60122317668
60165596802
601116702917
60123363219
60173205207
60129050118
60162624351
601127878807
601133745099
60122404678
60163933063
60126170214
60126953005
60362037030
60362767668
60173785866
60193296325
60147374257
60172702859
60166801665
601123444220
60378422267
60342566616
60172681892
60186630964
60126097715
60132842812
60166929192
601139889478
60146250405
60165305582
60342511010
60163658173
601120073175
60192074638
60193150007
60109821929
60169933306
60193373908
60178711691
60122999452
60102298802
60122764269
60163650919
60143850630
60172845495
60377729665
60172803257
60172760815
60126120026
60162096089
60123965804
60192280769
60173769268
60182182991
60322400705
60390596788
60126683828
60166803462
60162303658
60108989567
60163284471
60172066235
60123492132
60176708850
60166065424
60169589179
60176980869
60162757790
60391016436
60147333227
60163961931
60166555045
60183220363
60322827381
60176348487
60182446721
60187697712
60104203711
60126758755
60163389233
601112591114
60173789733
60124448001
60392220268
60361361464
60126675279
60172849883
60163336164


